Ch-002 13.3417 14.2708 40
Ba-001 45.9083 76.3209 40
On-001 61.9045 35.3451 40
Ku-001 54.5333 49.5833 40
Ka-001 -17.225 28.0333 40
Ry-001 58.4791 38.1209 8
Na-002 22.8084 32.1591 40
Pe-001 58.425 27.6042 40
Si-001 45.775 34.5583 8
Kr-001 49.2833 32.6166 40
Ch-003 54.8208 77.4367 40
Ka-002 58.8209 56.25 40
Kh-001 68.0208 88.2541 40
Vy-001 63.5566 34.8417 40
In-001 69.0289 27.8409 40
Pa-001 61.7051 25.5654 40
Se-001 63.3233 33.7452 40
Py-001 69.7708 87.8 40
De-001 31.5333 35.4875 40
Ke-001 62.9142 26.1301 40
Ga-001 24.4375 75.4541 40
Na-003 61.699 23.7452 40
Lo-001 67.962 27.6465 40
Ma-002 -3.6166 35.8208 8
Ka-003 62.8819 27.6019 40
Pu-001 61.8116 26.6591 40
Um-001 67.7147 34.3917 40
Ho-001 62.8693 29.6288 40
Ya-001 62.0076 30.9045 40
Ma-003 54.5413 77.9585 8
Ni-001 63.1196 26.4425 40
Va-001 61.1495 24.1236 8
La-001 63.1694 23.6679 40
Fi-001 12.7791 17.5208 8
Vu-001 61.1804 26.6945 8
Su-001 -20.7125 26.0875 8
Et-001 -18.7875 16.3834 8
Tu-002 38.7666 33.3896 8
Ko-001 62.9671 30.6994 40
Ro-002 61.3476 24.1427 8
Su-002 -6.0917 35.1834 40
Mi-001 66.5934 24.383 40
Ko-002 65.8079 28.4594 40
Nu-001 64.1811 28.0078 40
Zz-001 64.2483 29.5903 40
Al-001 63.3752 25.4583 40
Py-002 62.7197 25.4642 40
Ka-004 62.011 27.3701 40
Py-003 60.9965 26.4708 8
Ur-002 60.9192 26.4275 40
To-003 -31.0375 137.6375 8
Ga-002 -31.7042 135.8542 8
Sa-001 -38.7541 -62.95 8
Po-001 -18.8291 -67.125 40
Ey-001 -28.6583 137.3213 8
Hu-001 44.6808 -82.2036 40
Mi-002 43.8584 -86.4218 40
Er-001 42.1305 -81.1783 40
On-002 43.7652 -77.9531 40
Vo-001 7.5667 -0.5958 40
Ma-004 -30.4833 -62.775 40
Ze-001 54.2667 128.175 40
Ok-001 26.95 -80.85 8
De-002 7.2708 -62.9625 40
Go-001 54.426 -101.5288 40
Gr-001 41.1833 -112.5084 40
Su-003 42.8333 -120.7292 40
Su-004 47.7266 -88.2833 40
Ma-005 43.3126 -118.9193 40
Ab-001 42.6416 -120.2041 40
Br-002 54.75 102.4834 40
Kh-002 44.9506 132.4167 8
Po-002 29.2041 116.275 40
Vi-002 62.7584 111.075 40
Do-001 29.125 112.4916 40
