Ld-001 60.765 31.648 40
Br-001 0.6334 36.0750 8
Ch-001 -15.2834 35.7000 8
Ky-001 1.5833 32.8792 8
Mw-001 -8.7250 29.7209 8
Ta-001 11.9542 37.3084 40
Vi-001 -1.2625 33.2334 40
Ra-001 32.8084 43.6392 40
Ur-001 37.644 45.4834 40
Ro-001 11.5208 34.6291 40
Te-001 50.4607 69.1303 40
Il-001 58.2917 31.3 8
Ha-001 33.3043 43.4402 40
Na-001 -2.35 36.0125 8
To-001 23.2962 30.8599 40
Ou-001 64.336 27.3742 40
Tu-001 3.5209 36.2666 40
Th-001 34.1013 43.2759 40
Ma-001 -11.9709 34.5917 40
Ru-001 -7.9542 32.2334 8
Ra-002 23.9125 70.725 8
To-002 12.8125 104.1458 8
Ar-001 45.3822 59.8631 8
Pi-001 63.2129 29.6644 8
